1 29
2 40
3 22
4 34
5 46
6 57
7 43
8 55
9 28
10 43
11 49
12 63
13 68
14 73
15 92
16 69
17 76
18 98
19 121
20 119
21 135
22 139
23 125
24 152
25 185
26 180
27 206
28 188
29 216
30 247
31 263
32 265
33 297
34 284
35 293
36 327
37 326
38 360
39 380
40 385
41 397
42 418
43 407
44 443
45 444
46 438
47 481
48 474
49 491
50 474
51 490
52 522
53 496
54 521
55 506
56 536
57 526
58 528
59 520
60 534
61 549
62 552
63 538
64 528
65 561
66 542
67 566
68 559
69 574
70 557
71 563
72 583
73 573
74 562
75 568
76 548
77 604
78 560
79 559
80 569
81 571
82 604
83 588
84 582
85 559
86 587
87 583
88 581
89 570
90 570
91 574
92 588
93 579
94 569
95 576
96 571
97 574
98 569
99 572
100 571
101 575
102 570
103 544
104 590
105 582
106 580
107 583
108 581
109 578
110 583
111 559
112 590
113 572
114 577
115 584
116 570
117 570
118 590
119 580
120 603
121 570
122 559
123 564
124 575
125 568
126 561
127 565
128 592
129 581
130 571
131 575
132 570
133 586
134 554
135 570
136 572
137 570
138 565
139 579
140 583
141 580
142 549
143 583
144 558
145 575
146 561
147 580
148 581
149 581
150 579
