0 0.291232806190429
0.5 0.209623911191128
1 0.870373146011886
1.5 0.354613800204303
2 0.291082531283737
2.5 0.909761372746383
3 0.445278152662832
3.5 0.720248794107084
4 0.766572507276982
4.5 1.47311276851539
5 2.01045079245230
5.5 3.12281129511742
6 3.00027288083297
6.5 4.49579124270184
7 5.15244285197361
7.5 5.78032046042050
8 5.94730671609574
8.5 6.58693977782588
9 5.61775739483167
9.5 6.38113168473641
10 6.61815484546506
10.5 6.78799347622328
11 5.92447227199005
11.5 6.53753705014098
12 6.6316816290137
